2896, 1880, 4

net1 (1 , 1048 , 850 ) (1 , 1080 , 650 ) (1 , 952 , 650 ) (1 , 696 , 1050 ) (1 , 1288 , 1050 ) (1 , 1272 , 850 ) (1 , 1496 , 650 )
net2 (1 , 2632 , 250 ) (1 , 2040 , 450 ) (1 , 2728 , 250 ) (1 , 1544 , 450 ) (1 , 1800 , 450 ) (1 , 1896 , 50 ) (1 , 1800 , 50 ) (1 , 2792 , 250 ) (1 , 1496 , 650 )
net3 (1 , 552 , 1650 ) (1 , 440 , 1450 ) (1 , 456 , 1650 ) (1 , 504 , 1650 ) (1 , 1224 , 1050 ) (1 , 904 , 1450 ) (1 , 1336 , 850 ) (1 , 648 , 1250 ) (1 , 1272 , 850 )
net4 (1 , 1656 , 1250 ) (1 , 1720 , 1250 ) (1 , 1352 , 1450 ) (1 , 1608 , 1250 ) (1 , 1512 , 1450 ) (1 , 1304 , 1450 ) (1 , 1192 , 1450 ) (1 , 1736 , 1050 ) (1 , 1288 , 1050 )
net5 (1 , 792 , 650 ) (1 , 984 , 850 ) (1 , 136 , 650 ) (1 , 248 , 1250 ) (1 , 152 , 1050 ) (1 , 184 , 650 ) (1 , 184 , 1250 ) (1 , 312 , 650 ) (1 , 696 , 1050 )
net6 (1 , 680 , 250 ) (1 , 488 , 450 ) (1 , 488 , 250 ) (1 , 808 , 250 ) (1 , 744 , 250 ) (1 , 552 , 450 ) (1 , 888 , 650 ) (1 , 1000 , 250 ) (1 , 952 , 650 )
net7 (1 , 1560 , 650 ) (1 , 1160 , 50 ) (1 , 1608 , 650 ) (1 , 1400 , 850 ) (1 , 1576 , 850 ) (1 , 1416 , 250 ) (1 , 1640 , 850 ) (1 , 1112 , 50 ) (1 , 1080 , 650 )
net8 (1 , 456 , 850 ) (1 , 248 , 650 ) (1 , 2152 , 850 ) (1 , 2232 , 650 ) (1 , 1688 , 850 ) (1 , 2104 , 650 )
net9 (1 , 2104 , 650 )
net10 (1 , 1688 , 850 )
net11 (1 , 2632 , 650 ) (1 , 2232 , 650 )
net12 (1 , 2152 , 850 )
net13 (1 , 248 , 650 )
net14 (1 , 456 , 850 )
net15 (1 , 2248 , 850 ) (1 , 1144 , 850 ) (1 , 2168 , 650 ) (1 , 1448 , 850 ) (1 , 1016 , 650 )
net16 (1 , 904 , 250 ) (1 , 376 , 650 ) (1 , 1064 , 450 ) (1 , 616 , 250 ) (1 , 552 , 250 ) (1 , 1016 , 650 )
net17 (1 , 1112 , 1250 ) (1 , 1448 , 1450 ) (1 , 1064 , 1450 ) (1 , 1128 , 1450 ) (1 , 1448 , 850 )
net18 (1 , 1928 , 450 ) (1 , 1960 , 50 ) (1 , 1672 , 450 ) (1 , 1736 , 450 ) (1 , 2168 , 650 )
net19 (1 , 216 , 1050 ) (1 , 632 , 1050 ) (1 , 920 , 850 ) (1 , 1048 , 850 ) (1 , 1144 , 850 )
net20 (1 , 1896 , 1050 ) (1 , 1000 , 450 ) (1 , 1864 , 450 ) (1 , 760 , 1050 ) (1 , 1832 , 1050 )
net21 (1 , 1128 , 1450 ) (1 , 1064 , 1450 ) (1 , 1448 , 1450 ) (1 , 1112 , 1250 ) (1 , 1944 , 1050 ) (1 , 1832 , 1050 )
net22 (1 , 376 , 650 ) (1 , 920 , 850 ) (1 , 216 , 1050 ) (1 , 632 , 1050 ) (1 , 1048 , 850 ) (1 , 760 , 1050 )
net23 (1 , 1672 , 450 ) (1 , 1736 , 450 ) (1 , 1928 , 450 ) (1 , 1960 , 50 ) (1 , 1864 , 450 )
net24 (1 , 1064 , 450 ) (1 , 552 , 250 ) (1 , 616 , 250 ) (1 , 904 , 250 ) (1 , 1000 , 450 )
net25 (1 , 1512 , 850 ) (1 , 1000 , 50 ) (1 , 1208 , 850 ) (1 , 1608 , 450 ) (1 , 1128 , 450 )
net26 (1 , 104 , 850 ) (1 , 104 , 450 ) (1 , 600 , 450 ) (1 , 1192 , 450 ) (1 , 1144 , 650 ) (1 , 520 , 850 ) (1 , 440 , 650 ) (1 , 1128 , 450 )
net27 (1 , 2280 , 250 ) (1 , 1880 , 250 ) (1 , 2072 , 50 ) (1 , 1704 , 650 ) (1 , 2104 , 450 ) (1 , 2424 , 50 ) (1 , 2504 , 450 ) (1 , 1608 , 450 )
net28 (1 , 56 , 1450 ) (1 , 760 , 1250 ) (1 , 872 , 1050 ) (1 , 104 , 1650 ) (1 , 280 , 1050 ) (1 , 504 , 1450 ) (1 , 296 , 1250 ) (1 , 1208 , 850 )
net29 (1 , 104 , 50 ) (1 , 104 , 250 ) (1 , 504 , 50 ) (1 , 1064 , 250 ) (1 , 1480 , 250 ) (1 , 1224 , 50 ) (1 , 1000 , 50 )
net30 (1 , 1752 , 850 ) (1 , 1144 , 1650 ) (1 , 744 , 1650 ) (1 , 1576 , 1450 ) (1 , 1384 , 1050 ) (1 , 1224 , 1250 ) (1 , 1512 , 850 )
net31 (1 , 2568 , 850 ) (1 , 2248 , 850 ) (1 , 2456 , 450 )
net32 (1 , 2744 , 650 ) (1 , 2760 , 850 ) (1 , 2760 , 1050 ) (1 , 2392 , 850 ) (1 , 2504 , 850 ) (1 , 2344 , 1050 ) (1 , 2408 , 1250 ) (1 , 2408 , 1050 ) (1 , 2456 , 450 )
net33 (1 , 2808 , 1250 )
net34 (1 , 2456 , 1250 ) (1 , 2808 , 1250 )
net35 (1 , 1768 , 1250 ) (1 , 2120 , 1250 ) (1 , 1928 , 1450 ) (1 , 2280 , 1250 ) (1 , 1960 , 1250 ) (1 , 2232 , 1250 )
net36 (1 , 2296 , 650 ) (1 , 2072 , 1250 ) (1 , 1928 , 1450 ) (1 , 2216 , 850 ) (1 , 2232 , 1250 )
net37 (1 , 2584 , 1250 ) (1 , 2408 , 1450 ) (1 , 2456 , 1250 ) (1 , 2232 , 1250 )
net38 (1 , 2616 , 1250 ) (1 , 2584 , 1050 ) (1 , 2248 , 850 ) (1 , 2344 , 1050 ) (1 , 2280 , 1250 ) (1 , 2312 , 1050 )
net39 (1 , 1896 , 1050 ) (1 , 2056 , 1050 ) (1 , 2408 , 1050 ) (1 , 2312 , 1050 )
net40 (1 , 2120 , 1050 ) (1 , 2536 , 1050 ) (1 , 2248 , 850 ) (1 , 2344 , 1050 ) (1 , 2360 , 850 ) (1 , 2408 , 1050 )
net41 (1 , 2408 , 1450 ) (1 , 2312 , 1450 ) (1 , 2264 , 1450 ) (1 , 2360 , 1450 ) (1 , 2456 , 1250 ) (1 , 2408 , 1050 )
net42 (1 , 2456 , 1450 ) (1 , 2456 , 1250 )
net43 (1 , 2456 , 850 ) (1 , 1896 , 1050 ) (1 , 2408 , 1250 ) (1 , 2360 , 850 )
net44 (1 , 2344 , 1250 ) (1 , 2408 , 1250 )
net45 (1 , 1944 , 1050 ) (1 , 2072 , 1250 ) (1 , 2056 , 1050 ) (1 , 1960 , 1250 )
net46 (1 , 2392 , 850 ) (1 , 1944 , 1050 ) (1 , 2120 , 1250 ) (1 , 2280 , 1250 ) (1 , 2056 , 1050 ) (1 , 2216 , 850 )
net47 (1 , 2664 , 1050 ) (1 , 2344 , 1250 ) (1 , 2056 , 1050 )
net48 (1 , 2344 , 1250 ) (1 , 2280 , 1250 )
net49 (1 , 2456 , 1450 ) (1 , 2344 , 1250 )
net50 (1 , 1800 , 1650 )
net51 (1 , 2040 , 1450 ) (1 , 1800 , 1650 )
net52 (1 , 2168 , 1450 ) (1 , 2312 , 1450 ) (1 , 2040 , 1450 ) (1 , 1928 , 1450 )
net53 (1 , 2168 , 1450 ) (1 , 2216 , 1450 ) (1 , 2040 , 1450 ) (1 , 2344 , 1050 )
net54 (1 , 2456 , 1450 ) (1 , 2040 , 1450 )
net55 (1 , 2200 , 1650 ) (1 , 2456 , 1450 )
net56 (1 , 2168 , 1250 ) (1 , 2360 , 1450 ) (1 , 2216 , 1450 ) (1 , 2072 , 1250 )
net57 (1 , 1912 , 1650 ) (1 , 2344 , 1650 ) (1 , 2424 , 1650 ) (1 , 2264 , 1650 ) (1 , 2216 , 1450 )
net58 (1 , 2040 , 1650 ) (1 , 2504 , 1650 ) (1 , 2584 , 1650 ) (1 , 2264 , 1650 ) (1 , 2360 , 1450 )
net59 (1 , 2264 , 1650 )
net60 (1 , 2264 , 1650 )
net61 (1 , 2200 , 1650 ) (1 , 2264 , 1650 )
net62 (1 , 2168 , 1250 ) (1 , 2264 , 1450 ) (1 , 2120 , 1250 )
net63 (1 , 2040 , 1650 ) (1 , 2504 , 1650 ) (1 , 2584 , 1650 ) (1 , 2120 , 1650 ) (1 , 2264 , 1450 )
net64 (1 , 1832 , 1650 ) (1 , 2744 , 1450 ) (1 , 2776 , 1650 ) (1 , 2120 , 1650 ) (1 , 2312 , 1450 )
net65 (1 , 2120 , 1650 )
net66 (1 , 2120 , 1650 )
net67 (1 , 2200 , 1650 ) (1 , 2120 , 1650 )
net68 (1 , 2584 , 1450 ) (1 , 2200 , 1650 )
net69 (1 , 1912 , 1650 ) (1 , 2344 , 1650 ) (1 , 2424 , 1650 ) (1 , 2408 , 1450 )
net70 (1 , 2424 , 1650 )
net71 (1 , 2424 , 1650 )
net72 (1 , 2664 , 1650 ) (1 , 2424 , 1650 )
net73 (1 , 1832 , 1650 ) (1 , 2744 , 1450 ) (1 , 2776 , 1650 ) (1 , 2168 , 1450 )
net74 (1 , 2776 , 1650 )
net75 (1 , 2776 , 1650 )
net76 (1 , 2664 , 1650 ) (1 , 2776 , 1650 )
net77 (1 , 2584 , 1650 )
net78 (1 , 2584 , 1650 )
net79 (1 , 2664 , 1650 ) (1 , 2584 , 1650 )
net80 (1 , 2728 , 1650 ) (1 , 2664 , 1650 )
net81 (1 , 2344 , 1650 )
net82 (1 , 2344 , 1650 )
net83 (1 , 2632 , 1450 ) (1 , 2344 , 1650 )
net84 (1 , 2744 , 1450 )
net85 (1 , 2744 , 1450 )
net86 (1 , 2632 , 1450 ) (1 , 2744 , 1450 )
net87 (1 , 2504 , 1650 )
net88 (1 , 2504 , 1650 )
net89 (1 , 2632 , 1450 ) (1 , 2504 , 1650 )
net90 (1 , 2696 , 1450 ) (1 , 2632 , 1450 )
net91 (1 , 1912 , 1650 )
net92 (1 , 1912 , 1650 )
net93 (1 , 1736 , 1650 ) (1 , 1912 , 1650 )
net94 (1 , 1832 , 1650 )
net95 (1 , 1832 , 1650 )
net96 (1 , 1736 , 1650 ) (1 , 1832 , 1650 )
net97 (1 , 2040 , 1650 )
net98 (1 , 2040 , 1650 )
net99 (1 , 1736 , 1650 ) (1 , 2040 , 1650 )
net100 (1 , 1688 , 1650 ) (1 , 1736 , 1650 )
net101 (1 , 56 , 1450 ) (1 , 56 , 1250 ) (1 , 104 , 1250 )
net102 (1 , 184 , 1250 ) (1 , 152 , 1050 ) (1 , 104 , 1250 )
net103 (1 , 280 , 1050 ) (1 , 104 , 1050 ) (1 , 216 , 1050 )
net104 (1 , 152 , 1050 ) (1 , 216 , 1050 )
net105 (1 , 280 , 1050 ) (1 , 152 , 1050 )
net106 (1 , 104 , 450 ) (1 , 56 , 450 ) (1 , 456 , 450 )
net107 (1 , 488 , 450 ) (1 , 488 , 250 ) (1 , 456 , 450 )
net108 (1 , 104 , 50 ) (1 , 56 , 50 ) (1 , 552 , 250 )
net109 (1 , 488 , 250 ) (1 , 552 , 250 )
net110 (1 , 104 , 50 ) (1 , 488 , 250 )
net111 (1 , 1752 , 850 ) (1 , 1640 , 1650 ) (1 , 1800 , 1050 )
net112 (1 , 1736 , 1050 ) (1 , 1800 , 450 ) (1 , 1800 , 1050 )
net113 (1 , 1880 , 250 ) (1 , 1752 , 50 ) (1 , 1736 , 450 )
net114 (1 , 1800 , 450 ) (1 , 1736 , 450 )
net115 (1 , 1880 , 250 ) (1 , 1800 , 450 )
net116 (1 , 2072 , 50 ) (1 , 1848 , 50 ) (1 , 2040 , 1250 )
net117 (1 , 1896 , 50 ) (1 , 2040 , 450 ) (1 , 2040 , 1250 )
net118 (1 , 2104 , 450 ) (1 , 2232 , 250 ) (1 , 1960 , 50 )
net119 (1 , 2040 , 450 ) (1 , 1960 , 50 )
net120 (1 , 2104 , 450 ) (1 , 2040 , 450 )
net121 (1 , 520 , 850 ) (1 , 136 , 1250 ) (1 , 920 , 850 ) (1 , 248 , 1250 )
net122 (1 , 184 , 1250 ) (1 , 248 , 1250 )
net123 (1 , 56 , 1450 ) (1 , 184 , 1250 )
net124 (1 , 504 , 50 ) (1 , 456 , 50 ) (1 , 616 , 250 ) (1 , 552 , 450 )
net125 (1 , 488 , 450 ) (1 , 552 , 450 )
net126 (1 , 104 , 450 ) (1 , 488 , 450 )
net127 (1 , 1144 , 1650 ) (1 , 1544 , 1650 ) (1 , 1448 , 1450 ) (1 , 1720 , 1250 )
net128 (1 , 1736 , 1050 ) (1 , 1720 , 1250 )
net129 (1 , 1752 , 850 ) (1 , 1736 , 1050 )
net130 (1 , 1480 , 250 ) (1 , 1704 , 50 ) (1 , 1672 , 450 ) (1 , 1800 , 50 )
net131 (1 , 1896 , 50 ) (1 , 1800 , 50 )
net132 (1 , 2072 , 50 ) (1 , 1896 , 50 )
net133 (1 , 1144 , 650 ) (1 , 968 , 1450 ) (1 , 1112 , 850 )
net134 (1 , 1336 , 850 ) (1 , 984 , 850 ) (1 , 1112 , 850 )
net135 (1 , 984 , 850 ) (1 , 920 , 850 )
net136 (1 , 520 , 850 ) (1 , 984 , 850 )
net137 (1 , 104 , 250 ) (1 , 56 , 250 ) (1 , 456 , 250 )
net138 (1 , 744 , 250 ) (1 , 680 , 250 ) (1 , 456 , 250 )
net139 (1 , 680 , 250 ) (1 , 616 , 250 )
net140 (1 , 504 , 50 ) (1 , 680 , 250 )
net141 (1 , 1576 , 1450 ) (1 , 1592 , 1650 ) (1 , 1576 , 1250 )
net142 (1 , 1656 , 1250 ) (1 , 1512 , 1450 ) (1 , 1576 , 1250 )
net143 (1 , 1512 , 1450 ) (1 , 1448 , 1450 )
net144 (1 , 1144 , 1650 ) (1 , 1512 , 1450 )
net145 (1 , 1224 , 50 ) (1 , 1608 , 50 ) (1 , 1576 , 50 )
net146 (1 , 1160 , 50 ) (1 , 1416 , 250 ) (1 , 1576 , 50 )
net147 (1 , 1416 , 250 ) (1 , 1672 , 450 )
net148 (1 , 1480 , 250 ) (1 , 1416 , 250 )
net149 (1 , 744 , 1650 ) (1 , 1016 , 1450 ) (1 , 1128 , 1450 ) (1 , 1400 , 850 )
net150 (1 , 1336 , 850 ) (1 , 1400 , 850 )
net151 (1 , 1144 , 650 ) (1 , 1336 , 850 )
net152 (1 , 1192 , 450 ) (1 , 1064 , 50 ) (1 , 1064 , 450 ) (1 , 808 , 250 )
net153 (1 , 744 , 250 ) (1 , 808 , 250 )
net154 (1 , 104 , 250 ) (1 , 744 , 250 )
net155 (1 , 872 , 1050 ) (1 , 1256 , 1450 ) (1 , 1112 , 1250 ) (1 , 1608 , 1250 )
net156 (1 , 1656 , 1250 ) (1 , 1608 , 1250 )
net157 (1 , 1576 , 1450 ) (1 , 1656 , 1250 )
net158 (1 , 1064 , 250 ) (1 , 904 , 50 ) (1 , 904 , 250 ) (1 , 1112 , 50 )
net159 (1 , 1160 , 50 ) (1 , 1112 , 50 )
net160 (1 , 1224 , 50 ) (1 , 1160 , 50 )
net161 (1 , 1224 , 1250 ) (1 , 1496 , 1650 ) (1 , 1416 , 1450 )
net162 (1 , 1352 , 1450 ) (1 , 1192 , 1450 ) (1 , 1416 , 1450 )
net163 (1 , 1192 , 1450 ) (1 , 1128 , 1450 )
net164 (1 , 744 , 1650 ) (1 , 1192 , 1450 )
net165 (1 , 1704 , 650 ) (1 , 1656 , 50 ) (1 , 1672 , 650 )
net166 (1 , 1608 , 650 ) (1 , 1544 , 450 ) (1 , 1672 , 650 )
net167 (1 , 1544 , 450 ) (1 , 1064 , 450 )
net168 (1 , 1192 , 450 ) (1 , 1544 , 450 )
net169 (1 , 1384 , 1050 ) (1 , 1176 , 1250 ) (1 , 1352 , 1050 )
net170 (1 , 1576 , 850 ) (1 , 1224 , 1050 ) (1 , 1352 , 1050 )
net171 (1 , 1224 , 1050 ) (1 , 1112 , 1250 )
net172 (1 , 872 , 1050 ) (1 , 1224 , 1050 )
net173 (1 , 600 , 450 ) (1 , 952 , 50 ) (1 , 968 , 250 )
net174 (1 , 888 , 650 ) (1 , 1000 , 250 ) (1 , 968 , 250 )
net175 (1 , 1000 , 250 ) (1 , 904 , 250 )
net176 (1 , 1064 , 250 ) (1 , 1000 , 250 )
net177 (1 , 760 , 1250 ) (1 , 1096 , 1650 ) (1 , 1064 , 1450 ) (1 , 1304 , 1450 )
net178 (1 , 1352 , 1450 ) (1 , 1304 , 1450 )
net179 (1 , 1224 , 1250 ) (1 , 1352 , 1450 )
net180 (1 , 296 , 1250 ) (1 , 56 , 1050 ) (1 , 632 , 1050 ) (1 , 1560 , 650 )
net181 (1 , 1608 , 650 ) (1 , 1560 , 650 )
net182 (1 , 1704 , 650 ) (1 , 1608 , 650 )
net183 (1 , 2280 , 250 ) (1 , 2312 , 850 ) (1 , 1928 , 450 ) (1 , 1640 , 850 )
net184 (1 , 1576 , 850 ) (1 , 1640 , 850 )
net185 (1 , 1384 , 1050 ) (1 , 1576 , 850 )
net186 (1 , 440 , 650 ) (1 , 56 , 650 ) (1 , 376 , 650 ) (1 , 792 , 650 )
net187 (1 , 888 , 650 ) (1 , 792 , 650 )
net188 (1 , 600 , 450 ) (1 , 888 , 650 )
net189 (1 , 104 , 1650 ) (1 , 648 , 1650 ) (1 , 616 , 1650 )
net190 (1 , 552 , 1650 ) (1 , 904 , 1450 ) (1 , 616 , 1650 )
net191 (1 , 904 , 1450 ) (1 , 1064 , 1450 )
net192 (1 , 760 , 1250 ) (1 , 904 , 1450 )
net193 (1 , 504 , 1450 ) (1 , 56 , 1650 ) (1 , 408 , 1450 )
net194 (1 , 440 , 1450 ) (1 , 648 , 1250 ) (1 , 408 , 1450 )
net195 (1 , 648 , 1250 ) (1 , 632 , 1050 )
net196 (1 , 296 , 1250 ) (1 , 648 , 1250 )
net197 (1 , 2424 , 50 ) (1 , 2776 , 50 ) (1 , 2696 , 250 )
net198 (1 , 2728 , 250 ) (1 , 2632 , 250 ) (1 , 2696 , 250 )
net199 (1 , 2632 , 250 ) (1 , 1928 , 450 )
net200 (1 , 2280 , 250 ) (1 , 2632 , 250 )
net201 (1 , 104 , 850 ) (1 , 56 , 850 ) (1 , 104 , 650 )
net202 (1 , 184 , 650 ) (1 , 312 , 650 ) (1 , 104 , 650 )
net203 (1 , 312 , 650 ) (1 , 376 , 650 )
net204 (1 , 440 , 650 ) (1 , 312 , 650 )
net205 (1 , 504 , 1650 )
net206 (1 , 552 , 1650 ) (1 , 504 , 1650 )
net207 (1 , 104 , 1650 ) (1 , 552 , 1650 )
net208 (1 , 456 , 1650 )
net209 (1 , 440 , 1450 ) (1 , 456 , 1650 )
net210 (1 , 504 , 1450 ) (1 , 440 , 1450 )
net211 (1 , 2792 , 250 )
net212 (1 , 2728 , 250 ) (1 , 2792 , 250 )
net213 (1 , 2424 , 50 ) (1 , 2728 , 250 )
net214 (1 , 136 , 650 )
net215 (1 , 184 , 650 ) (1 , 136 , 650 )
net216 (1 , 104 , 850 ) (1 , 184 , 650 )
net217 (1 , 2760 , 1050 ) (1 , 2824 , 1050 )
net218 (1 , 2472 , 1050 ) (1 , 2696 , 1050 ) (1 , 2168 , 1250 ) (1 , 2488 , 650 ) (1 , 2536 , 650 ) (1 , 2824 , 1050 )
net219 (1 , 2504 , 450 ) (1 , 2792 , 650 ) (1 , 2632 , 650 ) (1 , 2600 , 650 )
net220 (1 , 2504 , 850 ) (1 , 2600 , 650 )
net221 (1 , 2392 , 850 ) (1 , 2504 , 850 ) (1 , 1944 , 1050 )
net222 (1 , 2536 , 650 ) (1 , 2504 , 850 )
net223 (1 , 2504 , 450 ) (1 , 2536 , 650 )
net224 (1 , 2488 , 650 ) (1 , 2392 , 850 )
net225 (1 , 2296 , 650 ) (1 , 2488 , 650 )
net226 (1 , 1768 , 1250 ) (1 , 2168 , 1250 )
net227 (1 , 2696 , 1050 ) (1 , 2664 , 1050 )
net228 (1 , 2584 , 1050 ) (1 , 2584 , 1250 )
net229 (1 , 2456 , 850 ) (1 , 2632 , 1050 ) (1 , 2584 , 1050 )
net230 (1 , 2536 , 1050 ) (1 , 2696 , 1050 ) (1 , 2632 , 1050 )
net231 (1 , 2616 , 1250 ) (1 , 2696 , 1050 )
net232 (1 , 2760 , 850 ) (1 , 2760 , 1050 ) (1 , 2472 , 1050 ) (1 , 2456 , 850 )
net233 (1 , 2472 , 1050 ) (1 , 2536 , 1050 )
net234 (1 , 2120 , 1050 ) (1 , 2472 , 1050 )
net235 (1 , 2760 , 850 ) (1 , 2760 , 1050 )
net236 (1 , 2568 , 850 ) (1 , 2760 , 850 )
net237 (1 , 2696 , 650 ) (1 , 2632 , 650 )
net238 (1 , 2792 , 650 )
net239 (1 , 2584 , 1450 )
net240 (1 , 2728 , 1650 )
net241 (1 , 2696 , 1450 )
net242 (1 , 1688 , 1650 )
net243 (1 , 2696 , 650 )
net244 (1 , 104 , 1050 )
net245 (1 , 56 , 50 )
net246 (1 , 1752 , 50 )
net247 (1 , 2232 , 250 )
net248 (1 , 56 , 1250 )
net249 (1 , 56 , 450 )
net250 (1 , 1640 , 1650 )
net251 (1 , 1848 , 50 )
net252 (1 , 136 , 1250 )
net253 (1 , 456 , 50 )
net254 (1 , 1544 , 1650 )
net255 (1 , 1704 , 50 )
net256 (1 , 968 , 1450 )
net257 (1 , 56 , 250 )
net258 (1 , 1592 , 1650 )
net259 (1 , 1608 , 50 )
net260 (1 , 1016 , 1450 )
net261 (1 , 1064 , 50 )
net262 (1 , 1256 , 1450 )
net263 (1 , 904 , 50 )
net264 (1 , 1496 , 1650 )
net265 (1 , 1656 , 50 )
net266 (1 , 1176 , 1250 )
net267 (1 , 952 , 50 )
net268 (1 , 1096 , 1650 )
net269 (1 , 56 , 1050 )
net270 (1 , 2312 , 850 )
net271 (1 , 56 , 650 )
net272 (1 , 648 , 1650 )
net273 (1 , 56 , 1650 )
net274 (1 , 2776 , 50 )
net275 (1 , 56 , 850 )
net276 (1 , 2744 , 650 )
net277 (1 , 2504 , 450 ) (1 , 104 , 850 ) (1 , 2424 , 50 ) (1 , 504 , 1450 ) (1 , 104 , 1650 ) (1 , 440 , 650 ) (1 , 2280 , 250 ) (1 , 296 , 1250 ) (1 , 760 , 1250 ) (1 , 600 , 450 ) (1 , 1384 , 1050 ) (1 , 1704 , 650 ) (1 , 1224 , 1250 ) (1 , 1064 , 250 ) (1 , 872 , 1050 ) (1 , 1192 , 450 ) (1 , 744 , 1650 ) (1 , 1224 , 50 ) (1 , 1576 , 1450 ) (1 , 104 , 250 ) (1 , 1144 , 650 ) (1 , 1480 , 250 ) (1 , 1144 , 1650 ) (1 , 504 , 50 ) (1 , 520 , 850 ) (1 , 2072 , 50 ) (1 , 1752 , 850 ) (1 , 104 , 450 ) (1 , 56 , 1450 ) (1 , 2104 , 450 ) (1 , 1880 , 250 ) (1 , 104 , 50 ) (1 , 280 , 1050 )
net278
net279
net280
net281
net282
net283
net284
net285
net286
