2064, 1280, 4

net1 (1 , 1560 , 1050 ) (1 , 1352 , 1050 ) (1 , 1624 , 1050 )
net2 (1 , 1560 , 1050 ) (1 , 1480 , 1050 ) (1 , 1624 , 1050 )
net3 (1 , 1592 , 850 ) (1 , 1656 , 850 ) (1 , 1720 , 850 ) (1 , 1528 , 850 ) (1 , 1624 , 1050 )
net4 (1 , 984 , 450 ) (1 , 1112 , 850 ) (1 , 1960 , 650 ) (1 , 1800 , 450 ) (1 , 1832 , 650 ) (1 , 1032 , 650 ) (1 , 1576 , 650 ) (1 , 920 , 450 )
net5 (1 , 1976 , 450 ) (1 , 776 , 1050 ) (1 , 1688 , 1050 ) (1 , 1816 , 50 ) (1 , 1176 , 850 ) (1 , 1480 , 1050 ) (1 , 1320 , 850 ) (1 , 824 , 1050 ) (1 , 920 , 450 )
net6 (1 , 1256 , 850 ) (1 , 1256 , 250 ) (1 , 1800 , 450 ) (1 , 1832 , 650 ) (1 , 968 , 250 ) (1 , 1032 , 650 ) (1 , 1576 , 650 ) (1 , 920 , 450 )
net7 (1 , 984 , 450 ) (1 , 920 , 450 )
net8 (1 , 1928 , 850 ) (1 , 1896 , 650 )
net9 (1 , 1800 , 450 ) (1 , 1896 , 650 )
net10 (1 , 1640 , 650 ) (1 , 1896 , 650 )
net11 (1 , 1736 , 450 ) (1 , 1896 , 650 )
net12 (1 , 1288 , 50 ) (1 , 1592 , 250 ) (1 , 1032 , 50 ) (1 , 1064 , 250 ) (1 , 1464 , 250 ) (1 , 1768 , 250 ) (1 , 1656 , 250 )
net13 (1 , 1528 , 250 ) (1 , 1720 , 850 ) (1 , 1112 , 450 ) (1 , 1784 , 850 ) (1 , 1656 , 250 )
net14 (1 , 1960 , 250 ) (1 , 1976 , 450 ) (1 , 1864 , 450 ) (1 , 504 , 450 ) (1 , 1336 , 450 ) (1 , 840 , 50 ) (1 , 344 , 250 ) (1 , 1592 , 250 ) (1 , 840 , 250 ) (1 , 1032 , 50 ) (1 , 1464 , 250 ) (1 , 1768 , 250 ) (1 , 1656 , 250 )
net15 (1 , 1736 , 450 ) (1 , 1656 , 250 )
net16 (1 , 1736 , 450 ) (1 , 1960 , 1050 )
net17 (1 , 1976 , 450 ) (1 , 1960 , 1050 )
net18 (1 , 936 , 50 ) (1 , 1912 , 450 ) (1 , 840 , 250 ) (1 , 1320 , 50 ) (1 , 1896 , 250 ) (1 , 1960 , 1050 )
net19 (1 , 1816 , 50 ) (1 , 1960 , 1050 )
net20 (1 , 872 , 50 ) (1 , 1384 , 450 ) (1 , 1640 , 650 ) (1 , 776 , 50 ) (1 , 824 , 450 ) (1 , 1096 , 50 ) (1 , 1272 , 1050 ) (1 , 1192 , 1050 ) (1 , 888 , 850 ) (1 , 968 , 850 ) (1 , 1032 , 1050 ) (1 , 1576 , 650 )
net21 (1 , 1512 , 650 ) (1 , 1576 , 650 )
net22 (1 , 1448 , 650 ) (1 , 1512 , 650 )
net23 (1 , 1288 , 650 ) (1 , 1512 , 650 )
net24 (1 , 1832 , 250 ) (1 , 1512 , 650 )
net25 (1 , 936 , 650 ) (1 , 1192 , 250 ) (1 , 1288 , 250 ) (1 , 1656 , 850 ) (1 , 1720 , 1050 ) (1 , 1688 , 1050 ) (1 , 1768 , 250 )
net26 (1 , 1832 , 250 ) (1 , 1768 , 250 )
net27 (1 , 1832 , 250 ) (1 , 1896 , 250 )
net28 (1 , 1960 , 250 ) (1 , 1896 , 250 )
net29 (1 , 1624 , 50 ) (1 , 1896 , 250 )
net30 (1 , 1048 , 450 ) (1 , 1288 , 650 ) (1 , 520 , 650 ) (1 , 584 , 250 ) (1 , 1272 , 1050 ) (1 , 1192 , 1050 ) (1 , 1112 , 1050 ) (1 , 888 , 850 ) (1 , 952 , 1050 ) (1 , 840 , 250 ) (1 , 1032 , 650 )
net31 (1 , 1096 , 650 ) (1 , 1032 , 650 )
net32 (1 , 1224 , 650 ) (1 , 1096 , 650 )
net33 (1 , 1160 , 650 ) (1 , 1096 , 650 )
net34 (1 , 1352 , 250 ) (1 , 1096 , 650 )
net35 (1 , 696 , 650 ) (1 , 824 , 650 ) (1 , 760 , 850 ) (1 , 712 , 850 ) (1 , 1592 , 850 ) (1 , 1880 , 850 ) (1 , 1720 , 250 ) (1 , 1064 , 250 ) (1 , 968 , 250 ) (1 , 1464 , 250 )
net36 (1 , 1352 , 250 ) (1 , 1464 , 250 )
net37 (1 , 1032 , 250 ) (1 , 1064 , 250 ) (1 , 968 , 250 )
net38 (1 , 904 , 250 ) (1 , 968 , 250 )
net39 (1 , 1352 , 250 ) (1 , 1320 , 50 )
net40 (1 , 1336 , 450 ) (1 , 1320 , 50 )
net41 (1 , 1432 , 50 ) (1 , 1320 , 50 )
net42 (1 , 1384 , 450 ) (1 , 1224 , 450 )
net43 (1 , 1160 , 450 ) (1 , 1448 , 650 ) (1 , 1928 , 850 ) (1 , 1816 , 850 ) (1 , 1224 , 650 ) (1 , 1960 , 650 ) (1 , 1224 , 450 )
net44 (1 , 1160 , 450 ) (1 , 1224 , 450 )
net45 (1 , 1128 , 250 ) (1 , 1224 , 450 )
net46 (1 , 1128 , 250 ) (1 , 1064 , 250 )
net47 (1 , 1704 , 650 ) (1 , 1336 , 450 ) (1 , 1000 , 650 ) (1 , 1432 , 50 ) (1 , 1448 , 850 ) (1 , 1352 , 1050 ) (1 , 968 , 850 ) (1 , 1032 , 1050 ) (1 , 1800 , 450 ) (1 , 1032 , 50 )
net48 (1 , 968 , 50 ) (1 , 1032 , 50 )
net49 (1 , 1128 , 250 ) (1 , 968 , 50 )
net50 (1 , 872 , 50 ) (1 , 968 , 50 )
net51 (1 , 1096 , 50 ) (1 , 968 , 50 )
net52 (1 , 536 , 850 ) (1 , 648 , 850 )
net53 (1 , 456 , 650 ) (1 , 904 , 1050 ) (1 , 344 , 650 ) (1 , 648 , 850 )
net54 (1 , 552 , 650 ) (1 , 584 , 1050 ) (1 , 648 , 850 )
net55 (1 , 344 , 850 ) (1 , 648 , 850 )
net56 (1 , 984 , 450 ) (1 , 904 , 250 )
net57 (1 , 856 , 450 ) (1 , 904 , 250 )
net58 (1 , 776 , 250 ) (1 , 904 , 250 )
net59 (1 , 776 , 250 ) (1 , 840 , 250 )
net60 (1 , 1960 , 250 ) (1 , 1720 , 250 ) (1 , 1624 , 50 ) (1 , 1448 , 850 ) (1 , 1352 , 1050 ) (1 , 1320 , 850 ) (1 , 1832 , 650 )
net61 (1 , 1768 , 650 ) (1 , 1832 , 650 )
net62 (1 , 1816 , 850 ) (1 , 1768 , 650 )
net63 (1 , 1704 , 650 ) (1 , 1768 , 650 )
net64 (1 , 1672 , 450 ) (1 , 1768 , 650 )
net65 (1 , 1608 , 450 ) (1 , 456 , 650 ) (1 , 552 , 650 ) (1 , 1496 , 450 ) (1 , 520 , 650 ) (1 , 1592 , 250 )
net66 (1 , 1672 , 450 ) (1 , 1592 , 250 )
net67 (1 , 1672 , 450 ) (1 , 1912 , 450 )
net68 (1 , 1864 , 450 ) (1 , 1912 , 450 )
net69 (1 , 1768 , 1050 ) (1 , 1912 , 450 )
net70 (1 , 824 , 850 ) (1 , 1272 , 1050 ) (1 , 1352 , 1050 ) (1 , 824 , 1050 ) (1 , 952 , 1050 ) (1 , 1032 , 1050 )
net71 (1 , 776 , 1050 ) (1 , 1272 , 1050 ) (1 , 1352 , 1050 ) (1 , 824 , 1050 ) (1 , 952 , 1050 ) (1 , 1032 , 1050 )
net72 (1 , 1112 , 850 ) (1 , 1032 , 1050 )
net73 (1 , 1160 , 450 ) (1 , 1160 , 650 ) (1 , 1864 , 450 ) (1 , 904 , 1050 ) (1 , 1784 , 850 ) (1 , 1768 , 1050 ) (1 , 1176 , 850 ) (1 , 1480 , 1050 ) (1 , 1112 , 1050 ) (1 , 824 , 1050 ) (1 , 952 , 1050 )
net74 (1 , 936 , 650 ) (1 , 952 , 1050 )
net75 (1 , 904 , 1050 ) (1 , 1448 , 850 ) (1 , 1480 , 1050 ) (1 , 1320 , 850 ) (1 , 888 , 850 ) (1 , 968 , 850 )
net76 (1 , 856 , 850 ) (1 , 1448 , 850 ) (1 , 1480 , 1050 ) (1 , 1320 , 850 ) (1 , 888 , 850 ) (1 , 968 , 850 )
net77 (1 , 824 , 650 ) (1 , 968 , 850 )
net78 (1 , 760 , 650 ) (1 , 824 , 1050 )
net79 (1 , 696 , 650 ) (1 , 888 , 850 )
net80 (1 , 1112 , 850 ) (1 , 1320 , 850 )
net81 (1 , 1048 , 850 ) (1 , 1176 , 850 ) (1 , 1192 , 1050 ) (1 , 1112 , 1050 )
net82 (1 , 1080 , 850 ) (1 , 1176 , 850 ) (1 , 1192 , 1050 ) (1 , 1112 , 1050 )
net83 (1 , 1112 , 850 ) (1 , 1112 , 1050 )
net84 (1 , 1592 , 850 ) (1 , 1656 , 850 ) (1 , 1720 , 850 ) (1 , 1560 , 1050 ) (1 , 1528 , 850 ) (1 , 1192 , 1050 )
net85 (1 , 1256 , 850 ) (1 , 1272 , 1050 )
net86 (1 , 1256 , 850 ) (1 , 1448 , 850 )
net87 (1 , 1256 , 850 ) (1 , 1176 , 850 )
net88 (1 , 344 , 250 ) (1 , 104 , 250 )
net89 (1 , 56 , 250 ) (1 , 104 , 250 )
net90 (1 , 584 , 50 ) (1 , 488 , 50 )
net91 (1 , 440 , 50 ) (1 , 488 , 50 )
net92 (1 , 584 , 1050 ) (1 , 488 , 1050 )
net93 (1 , 440 , 1050 ) (1 , 488 , 1050 )
net94 (1 , 152 , 650 ) (1 , 104 , 650 )
net95 (1 , 56 , 650 ) (1 , 104 , 650 )
net96 (1 , 152 , 250 ) (1 , 104 , 50 )
net97 (1 , 56 , 50 ) (1 , 104 , 50 )
net98 (1 , 248 , 1050 ) (1 , 200 , 1050 )
net99 (1 , 56 , 1050 ) (1 , 200 , 1050 )
net100 (1 , 152 , 850 ) (1 , 104 , 1050 )
net101 (1 , 152 , 1050 ) (1 , 104 , 1050 )
net102 (1 , 152 , 450 ) (1 , 104 , 450 )
net103 (1 , 56 , 450 ) (1 , 104 , 450 )
net104 (1 , 344 , 850 ) (1 , 104 , 850 )
net105 (1 , 56 , 850 ) (1 , 104 , 850 )
net106 (1 , 248 , 50 ) (1 , 200 , 50 )
net107 (1 , 152 , 50 ) (1 , 200 , 50 )
net108
net109 (1 , 776 , 250 ) (1 , 584 , 250 )
net110 (1 , 680 , 450 ) (1 , 584 , 50 )
net111 (1 , 344 , 650 ) (1 , 152 , 650 )
net112 (1 , 344 , 450 ) (1 , 152 , 250 )
net113 (1 , 536 , 850 ) (1 , 712 , 850 ) (1 , 248 , 1050 )
net114 (1 , 408 , 650 ) (1 , 632 , 450 ) (1 , 648 , 650 ) (1 , 152 , 850 )
net115 (1 , 632 , 450 ) (1 , 776 , 450 ) (1 , 376 , 650 ) (1 , 152 , 450 )
net116 (1 , 376 , 450 ) (1 , 248 , 50 )
net117 (1 , 760 , 650 ) (1 , 824 , 650 ) (1 , 776 , 450 ) (1 , 1048 , 850 )
net118 (1 , 872 , 50 ) (1 , 936 , 50 )
net119 (1 , 408 , 650 ) (1 , 376 , 650 )
net120 (1 , 760 , 850 ) (1 , 456 , 450 ) (1 , 424 , 450 )
net121 (1 , 376 , 450 ) (1 , 424 , 450 )
net122 (1 , 456 , 450 ) (1 , 504 , 450 ) (1 , 552 , 450 )
net123 (1 , 680 , 450 ) (1 , 552 , 450 )
net124 (1 , 1544 , 450 ) (1 , 776 , 450 ) (1 , 1288 , 450 ) (1 , 824 , 450 )
net125 (1 , 696 , 650 ) (1 , 936 , 650 ) (1 , 648 , 650 ) (1 , 1080 , 850 )
net126 (1 , 760 , 850 ) (1 , 712 , 850 ) (1 , 824 , 850 )
net127 (1 , 536 , 850 ) (1 , 760 , 850 ) (1 , 776 , 1050 ) (1 , 344 , 450 )
net128 (1 , 456 , 650 ) (1 , 552 , 650 ) (1 , 856 , 850 )
net129 (1 , 856 , 450 ) (1 , 1192 , 250 ) (1 , 1288 , 250 ) (1 , 1160 , 650 ) (1 , 1528 , 250 ) (1 , 1288 , 650 ) (1 , 1608 , 450 ) (1 , 1640 , 650 ) (1 , 1544 , 450 ) (1 , 1704 , 650 ) (1 , 888 , 650 ) (1 , 1032 , 250 )
net130 (1 , 872 , 50 ) (1 , 776 , 50 ) (1 , 840 , 50 )
net131 (1 , 856 , 450 ) (1 , 760 , 650 ) (1 , 648 , 650 ) (1 , 1528 , 850 ) (1 , 1352 , 650 ) (1 , 1000 , 650 )
net132 (1 , 1192 , 250 ) (1 , 1160 , 450 ) (1 , 1160 , 650 ) (1 , 1288 , 650 ) (1 , 1640 , 650 ) (1 , 1704 , 650 ) (1 , 1256 , 250 )
net133 (1 , 856 , 450 ) (1 , 1288 , 250 ) (1 , 1528 , 250 ) (1 , 1608 , 450 ) (1 , 1544 , 450 ) (1 , 776 , 50 ) (1 , 728 , 450 ) (1 , 1288 , 50 )
net134 (1 , 1048 , 450 ) (1 , 1384 , 450 ) (1 , 1560 , 1050 ) (1 , 1880 , 850 ) (1 , 1720 , 1050 ) (1 , 1112 , 450 ) (1 , 1496 , 450 ) (1 , 1288 , 450 ) (1 , 1352 , 650 )
net135 (1 , 1448 , 650 ) (1 , 1352 , 650 )
net136 (1 , 1224 , 650 ) (1 , 1288 , 450 )
net137 (1 , 1384 , 450 ) (1 , 1496 , 450 )
net138 (1 , 632 , 450 ) (1 , 680 , 450 ) (1 , 504 , 450 )
net139 (1 , 1048 , 450 ) (1 , 1112 , 450 )
net140 (1 , 1816 , 850 ) (1 , 1720 , 1050 )
net141 (1 , 1928 , 850 ) (1 , 1880 , 850 )
net142 (1 , 1224 , 650 ) (1 , 1528 , 850 )
net143 (1 , 1816 , 850 ) (1 , 1720 , 850 )
net144 (1 , 1928 , 850 ) (1 , 1656 , 850 )
net145 (1 , 1448 , 650 ) (1 , 1592 , 850 )
net146 (1 , 456 , 650 ) (1 , 456 , 450 ) (1 , 376 , 450 )
net147 (1 , 936 , 650 ) (1 , 888 , 650 )
net148 (1 , 824 , 650 ) (1 , 888 , 650 )
net149 (1 , 760 , 650 ) (1 , 728 , 450 )
net150 (1 , 696 , 650 ) (1 , 728 , 450 )
net151 (1 , 536 , 850 ) (1 , 408 , 650 )
net152 (1 , 776 , 250 ) (1 , 776 , 50 )
net153 (1 , 1672 , 450 ) (1 , 1544 , 450 )
net154 (1 , 1736 , 450 ) (1 , 1608 , 450 )
net155 (1 , 1832 , 250 ) (1 , 1528 , 250 )
net156 (1 , 1352 , 250 ) (1 , 1288 , 250 )
net157 (1 , 1128 , 250 ) (1 , 1192 , 250 )
net158 (1 , 984 , 450 ) (1 , 1048 , 450 )
net159 (1 , 56 , 250 )
net160 (1 , 440 , 1050 )
net161 (1 , 56 , 650 )
net162 (1 , 56 , 50 )
net163 (1 , 56 , 1050 )
net164 (1 , 152 , 1050 )
net165 (1 , 56 , 450 )
net166 (1 , 56 , 850 )
net167 (1 , 152 , 50 )
net168 (1 , 440 , 50 )
